0.019608    0.18824 0.38039
0.019608    0.18824 0.38039
0.054902    0.26275 0.50588
0.090196    0.33333 0.60784
0.12941 0.4 0.67451
0.16863 0.45882 0.7098
0.20784 0.51765 0.73725
0.26275 0.57647 0.76471
0.34902 0.64314 0.8
0.46667 0.71373 0.83922
0.57255 0.77255 0.87059
0.66275 0.81961 0.89804
0.74902 0.86275 0.92157
0.81961 0.89804 0.94118
0.88235 0.92941 0.95294
0.93725 0.95686 0.96471
0.99999 0.99999 0.99999
0.99999 0.99999 0.99999
0.98039 0.94902 0.93725
0.98824 0.9098  0.86275
0.99216 0.85882 0.78039
0.98824 0.8 0.69412
0.97255 0.72549 0.6
0.95686 0.64706 0.5098
0.92941 0.56078 0.43137
0.88627 0.47059 0.36078
0.83922 0.37647 0.30196
0.79608 0.27451 0.24706
0.75294 0.16863 0.2
0.69804 0.094118    0.16863
0.61961 0.047059    0.1451
0.52157 0.015686    0.12941
0.40392 0   0.12157
0.40392 0   0.12157
